COSMOS 2361             
1 25590U 98076A   25256.92429649  .00000068  00000+0  56902-4 0  9995
2 25590  82.9329  50.4919 0032078 153.4028 319.0376 13.73204313338782
COSMOS 2378             
1 26818U 01023A   25256.97022763  .00000055  00000+0  41551-4 0  9996
2 26818  82.9236  66.2712 0034311  96.8280  16.5471 13.74129668216905
COSMOS 2389             
1 27436U 02026A   25256.84927701  .00000078  00000+0  65900-4 0  9998
2 27436  82.9546  13.5162 0045289 311.8707 163.2572 13.75142920169131
COSMOS 2398             
1 27818U 03023A   25256.75005581  .00000062  00000+0  50768-4 0  9992
2 27818  82.9525 339.0288 0031349   5.4294 107.2212 13.72374128115826
COSMOS 2407             
1 28380U 04028A   25256.83375883  .00000051  00000+0  36848-4 0  9998
2 28380  82.9565 279.4807 0038022 306.5719 225.9777 13.76299928 61867
COSMOS 2414             
1 28521U 05002A   25256.91988130  .00000050  00000+0  28777-4 0  9993
2 28521  82.9454 252.5801 0041075  38.9709 321.4401 13.87886181 45496
COSMOS 2429             
1 32052U 07038A   25256.93349067  .00000061  00000+0  48119-4 0  9994
2 32052  82.9793  49.4904 0037074 287.5586  72.1521 13.75136668903684
COSMOS 2454             
1 35635U 09039A   25256.90912010  .00000072  00000+0  45331-4 0  9993
2 35635  82.9535 236.7301 0018529 333.8705  88.7025 13.89912306819024
COSMOS 2463             
1 36519U 10017A   25256.95442050  .00000014  00000+0 -18270-5 0  9990
2 36519  82.9561  92.6891 0036211 174.5590 294.6546 13.71637760770063
